75 2 5 1 1
2 7 2 2
2 9 1 1
2 11 2 2
2 13 1 1
7 5 2 2
7 7 1 1
7 9 2 2
7 11 1 1
7 13 2 2
12 5 1 1
12 7 2 2
12 9 1 1
12 11 2 2
12 13 1 1
17 5 2 2
17 7 1 1
17 9 2 2
17 11 1 1
17 13 2 2
22 5 1 1
22 7 2 2
22 9 1 1
22 11 2 2
22 13 1 1
27 5 2 2
27 7 1 1
27 9 2 2
27 11 1 1
27 13 2 2
32 5 1 1
32 7 2 2
32 9 1 1
32 11 2 2
32 13 1 1
37 5 2 2
37 7 1 1
37 9 2 2
37 11 1 1
37 13 2 2
42 5 1 1
42 7 2 2
42 9 1 1
42 11 2 2
42 13 1 1
47 5 2 2
47 7 1 1
47 9 2 2
47 11 1 1
47 13 2 2
52 5 1 1
52 7 2 2
52 9 1 1
52 11 2 2
52 13 1 1
57 5 2 2
57 7 1 1
57 9 2 2
57 11 1 1
57 13 2 2
62 5 1 1
62 7 2 2
62 9 1 1
62 11 2 2
62 13 1 1
67 5 2 2
67 7 1 1
67 9 2 2
67 11 1 1
67 13 2 2
72 5 1 1
72 7 2 2
72 9 1 1
72 11 2 2
72 13 1 1
