75 2 5 1 1
2 7 1 1
2 9 1 1
2 11 1 1
2 13 1 1
7 5 1 1
7 7 1 1
7 9 1 1
7 11 1 1
7 13 1 1
12 5 1 1
12 7 1 1
12 9 1 1
12 11 1 1
12 13 1 1
17 5 1 1
17 7 1 1
17 9 1 1
17 11 1 1
17 13 1 1
22 5 1 1
22 7 1 1
22 9 1 1
22 11 1 1
22 13 1 1
27 5 1 1
27 7 1 1
27 9 1 1
27 11 1 1
27 13 1 1
32 5 1 1
32 7 1 1
32 9 1 1
32 11 1 1
32 13 1 1
37 5 1 1
37 7 1 1
37 9 1 1
37 11 1 1
37 13 1 1
42 5 1 1
42 7 1 1
42 9 1 1
42 11 1 1
42 13 1 1
47 5 1 1
47 7 1 1
47 9 1 1
47 11 1 1
47 13 1 1
52 5 1 1
52 7 1 1
52 9 1 1
52 11 1 1
52 13 1 1
57 5 1 1
57 7 1 1
57 9 1 1
57 11 1 1
57 13 1 1
62 5 1 1
62 7 1 1
62 9 1 1
62 11 1 1
62 13 1 1
67 5 1 1
67 7 1 1
67 9 1 1
67 11 1 1
67 13 1 1
72 5 1 1
72 7 1 1
72 9 1 1
72 11 1 1
72 13 1 1
